0111110001110000000000000000000000000000000000000000
1011110101110100000000000000000000000000000000000000
1101111101111101000000000000000000111000000000000000
1110101011010111000000000000000000000000001100011000
1111010101110011000000000000000000000000000000011000
1111101001001011000000000000000000000000000000011000
0111010000000010000000000000000000000000001100011000
1111101010110000000000000000000000000000000000000000
0011001100100010000000000000000000000000000000000000
1110110000110111000001000000000000000000000000000000
1110100011010101000001000000000000000000000000000000
1111100101101111000101000000000100100000011101111111
0010010000010011000101000000000100100000010001111111
0111011001111001000001000000000111111110110101010000
0001111110001001011001011001111111110110011101001000
0001000000001010000001000000000000000000111100001000
0000000000000000011111000000000000000000001100011000
0000000000000000101111100000000000000000001100011000
0000000000000000110110000000000000000000000000000000
0000000000000000111011000000000000000000000001110000
0000000000000000101101000000000000000000000000000000
0011001111111110111110100000000110000000111101011000
0000000000000000110110000000000000000000000000011000
0000000000000010000000001111011100000000000000011000
0000000000000010000000010111111100000110000000011000
0000000000000000000000011011011000000000000000011000
0000000000000000000000011101011000000000000000011000
0000000000000000000000011110011101110100001100011000
0000000000000010000000000001000111110110001100011000
0000010000000110000000011111101011111110000100000000
0000010000000010000000011111110001111110000100000000
0011100000000110000000011111111010111110000100000000
0001011000011110000001000111110101111011001101011000
0010010001000110000000011111111010110110001111000000
0010010001111110000000011111111111011110001111011000
0010010000000110000000001101111111101110001111011000
0111111001100100000000001010011110110110011111000000
0000010000000110000000011111111101011010001111000000
0000000000000110000000011110111111111100001111000000
0000000000000000000000000000000110000000111011011111
0000000000000000100001100000000110000001011111111111
0001001000011111010001100000100110101000101111111010
0001100010011110010001100011100011111111110011011010
0001101010011111010001100011100010000000110011011010
0000010000001101000001000000111111111001111101111111
0000011001011111000111000000111111111111111110111111
0000000000011100000100000000000000000000110011011011
0001100001111111110101100001101010000001001101101101
0000000001111011011011100001101010000001001101110101
0000000000000000000000000000000000000000000001011011
0000000000000000000000000000000000000001000000010001
0000000000000000000000000000001010000001101101111110