011011001000000000000111000000
101111111100000000001111010010
110011011100000000101011110010
011011101100000000101011010010
111101001100000000001110001010
111110011111110100110001101011
010101000011000000000000000000
101001001100000000000110000010
111111010100000000001111110011
001011011011000010101100110110
000001000100011100001000000011
000001000010010100001000000011
000001000001001100000000000000
000001000001001100000000000000
000000000001010000000000000111
000001000001010000110000000000
000000000100110001000100000111
000000000000001010110000000101
001101000101011111001000000101
000001000001111111000000000101
011110011111000010000010111110
010010001100000010000010010010
100000001000000000001100111110
101101001000000000000010001100
001111001101000000101110011111
001000001100000000001110100110
000011000100000000001111100101
000000000000001011111110101011
000000001100111010001110111101
000000000000111011110000001110