01101101100000000000001100000000000000000000000000000000000000000000000
10111110111000000000000000000000000000000000000000000000000000000000000
11011101110100000000100111000000000000000000000000000000000000000000000
01001110110000000000100110000000000000000000000000000000000000000000000
11110100111100000000000010100000000000000000000000000000000000000000000
11111011100111110100110110100000000000000000000000000000000000000000000
01010000000000000000000000000000000000000000000000000000000000000000000
01100100110100000000000000000000000000000000000000000000000000000000000
11111101011100000000001111001000000000000000000000000000000000000000000
01111000100100000010101011111000000000000000000000000000000000000000000
01001001100100000010001011101000000000000000000000000000000000000000000
01111101111000000010100011101000000000000000000000000000000000000000000
00000110010100000000000000000000000000000000000000000000000000000000000
00000110010100111100110010000000000000000000000000000000000000000000000
00000100000000000010010000001100000000000000000000000000000000000000000
00000100000011001110110000001100000000000000000000000000000000000000000
00000000000010110001110000011111000000000010000000010001110000000000000
00000100000011110000110000000011000000000010000000010001110000000000000
00000000011100000001110000011100000000010000000100000000000010000000111
00000000000000000010110000010111000000000000000100000100000010000011111
00110100000100000111000010010111000010010000000110000000010000000001110
00000100000000000111000000010111000000010000000110000000010000000001110
11111001011000000000000111111000000000000000000000000000000000000000000
11110100100000000000000000100000000000000000000000000000000000000000000
00100100110100000000001001111100000010110000110110000110010000000000000
01110000111100000000001010001000000000000000000000000000000000000000000
00001100010000000000001110011100000000000000000000000000000000000000000
00000000010100001011111111101110000000010000010111000110000000000000000
00000000111111111010000011010100000000010000100010000000000010000000011
00000100100011111011110010111011000000010000110111000101000000000000110
00000000000000001100110000010101000000010100000000000000010000000011000
00000100000011001101110000000110000000010010000111010001011000000011100
00000000000000000000000000000000001100000000000000000000000000000000000
00000000000000000000000000000000001100100000000000000000000000000000000
00000000000000000000000000000000110110110000000000000000000000000000000
00000000000000000000000000000000111010110001010000000000000000000000000
00000000000000000000000010000000001101110001111000000000000010000000011
00000000000000000000000000000000000010111000000000000000000000000000001
00000000000000000000000010000000011111011101101000000000001000000000001
00000000000000000011110010111111001111101011101111000011100000000000001
00000000000000000000000000000000000001110100000000000000000000000000001
00000000000000000000000000000010000000101010000000000000000000000000001
00000000000000111100000000000011000000010100000010000000011000000011100
00000000000000000000000000000000000110110000100000000000000000000000000
00000000000000000000000010001100000010110001001010000111001000000000001
00000000000000000000000010010100000110000001100000000000000000000000000
00000000000000000000000000000000000010110000100000000000000010000000011
00000000000000000000000010110100000000010000000011100000000010000000011
00000000000000000000000010000100000000010000000101100000000000000000001
00000000000000000000110000010100000000000000000110100000000000000000110
00000000000000000000000000000000000000000000000011000000000000000011000
00000000000000000000000000000010000000000000000010100000000000000011000
00000000000000000000000000000000000000000000000000100000000000000000000
00000000000000000000000010010100000000000000000001100001010000000000110
00000000000000000000000010010000000000010000000000000000000000000000000
00000000000000000000000000000100000000010000000011000000010000000011000
00000000000000001100000000000000000000010000000100000000000000000000000
00000000000000000000000010000011000000000000000000000001000000000011000
00000000000000000000000000000000000000100000100000000000000000000000000
00000000000000000000000000000000000000000000000000000000000000110000110
00000000000000000011000000001010000010000000001110000000000000111100011
00000000000000000000000000000000000000000000000000000000000000100100001
00000000000000000000000000000000000000000000000000000000000111001000000
00000000000000000000000000000000000000000000000000000000000110001011010
00000000000000000000000000000000000000000000000000000000000010110100011
00000000000000000000000000000000000000000000000000000000000011001000001
00000000000000000001110000000011000000000010000000110001010000010001111
00000000000000000001110000000011000000000010000000110001010000010010101
00000000000000000011110000000110000000000000000001000100000100000011001
00000000000000000011110000001110000010000000001111000100000110011010001
00000000000000000011000000001010000011110000101110000000000011001111110